[pic4.jpg]
filters=tilt=1,-0.067231,0.000000;tilt=1,-0.003992,0.000000;
moddate=3fdb5481cacad101
width=800
height=1095
textactive=0
